90.333333333
70.0
62.333333333
72.0
58.333333333
77.333333333
46.0
44.666666667
82.333333333
70.666666667
86.0
57.0
50.333333333
53.666666667
61.333333333
68.666666667
78.0
83.333333333
70.0
71.333333333
50.0
55.666666667
56.666666667
62.0
54.333333333
74.666666667
61.333333333
61.0
53.333333333
60.0
34.333333333
40.666666667
56.666666667
61.666666667
66.666666667
66.0
80.0
74.333333333
61.0
61.333333333
38.0
89.0
47.333333333
90.333333333
84.333333333
57.333333333
58.333333333
36.0
84.333333333
41.333333333
58.0
74.666666667
70.0
53.0
61.796296296 65.444444444 63.166666667 